[R.jpg]
filters=finetune2=1,0.789474,0.207719,0.308772,00000000,0.000000;
moddate=009315625ba1ce01
width=58
height=85
textactive=0
